"mallcauses" "fallcauses" "mbmi" "fbmi" "msmoking" "fsmoking"
"1924" NA NA 0.00575232827565799 0.00858122770745532 NA NA
"1925" NA NA 0.00553894251659202 0.00841544974979406 NA NA
"1926" NA NA 0.00549447467346772 0.00835935403025762 NA NA
"1927" NA NA 0.00560558856007086 0.00840445898520716 NA NA
"1928" NA NA 0.00585894799018721 0.00854228305100382 NA NA
"1929" NA NA 0.00624121677760252 0.0087643446640087 NA NA
"1930" NA NA 0.00673905873610257 0.00906216226058294 NA NA
"1931" NA NA 0.00733913767947315 0.00942725427708766 NA NA
"1932" NA NA 0.00802811742150002 0.009851139149884 NA NA
"1933" 0.28789 0.31258 0.00879266177596894 0.0103253353153331 NA NA
"1934" 0.29416 0.31671 0.00961943455666569 0.0108413612097960 NA NA
"1935" 0.30003 0.31841 0.0104950995773760 0.011390735269634 NA NA
"1936" 0.32781 0.3467 0.0114063206518858 0.0119649759312081 NA NA
"1937" 0.31006 0.33258 0.0123397615939806 0.0125556016308794 NA NA
"1938" 0.29097 0.31307 0.0132820862174464 0.0131541308050091 NA NA
"1939" 0.30812 0.32364 0.0142199583360689 0.0137520818899584 NA NA
"1940" 0.32003 0.3411 0.0151400417636338 0.0143409733220882 NA NA
"1941" 0.2993 0.32807 0.0160290003139269 0.0149123235377599 NA NA
"1942" 0.29127 0.31544 0.0168734978007341 0.0154576509733344 NA NA
"1943" 0.31651 0.34163 0.0176601980378410 0.015968474065173 NA NA
"1944" 0.29312 0.31713 0.0183757648390334 0.0164363112496367 NA NA
"1945" 0.28687 0.31428 0.0190068620180972 0.0168526809630867 NA NA
"1946" 0.29038 0.31884 0.019540153388818 0.0172091016418841 NA NA
"1947" 0.29836 0.3277 0.0199623027649817 0.0174970917223901 NA NA
"1948" 0.30033 0.32827 0.0202599739603740 0.0177081696409657 NA NA
"1949" 0.29539 0.31793 0.0204198307887806 0.0178338538339721 NA NA
"1950" 0.29602 0.32288 0.0204285370639875 0.0178656627377705 NA NA
"1951" 0.29666 0.32677 0.0202727565997803 0.0177951147887218 NA NA
"1952" 0.29436 0.31268 0.0199391532099448 0.0176137284231874 NA NA
"1953" 0.29417 0.32007 0.0194143907082668 0.0173130220775283 NA NA
"1954" 0.2823 0.30653 0.0186851329085320 0.0168845141881056 NA NA
"1955" 0.2949 0.31885 0.0177380436245262 0.0163197231912805 0 0
"1956" 0.29308 0.31692 0.0165597866700352 0.0156101675234141 0 0
"1957" 0.30243 0.33052 0.0151370258588448 0.0147473656208675 0 0
"1958" 0.30036 0.32333 0.0134564250047407 0.0137228359200018 0 0
"1959" 0.2982 0.32018 0.0115046479215087 0.0125280968571783 0 0
"1960" 0.30351 0.3227 0.0092683584229346 0.0111546668687579 0 0
"1961" 0.29589 0.32009 0.00673422032280413 0.00959406439110185 0 0
"1962" 0.30344 0.33222 0.0041971196590333 0.00808887812281415 0 0
"1963" 0.30994 0.33727 0.00197404740219248 0.00687986787868679 0 0
"1964" 0.29914 0.32173 8.48247650489905e-05 0.0059558087693629 0 0
"1965" 0.29812 0.32534 0 0.0053054759054856 0 0
"1966" 0.29901 0.3235 0 0.00491764439769804 0 0
"1967" 0.29106 0.31999 0 0.00478108935664335 0 0
"1968" 0.29919 0.32506 0 0.00488458589296466 0 0
"1969" 0.29237 0.31495 0 0.00521690911730511 0 0
"1970" 0.27707 0.30534 0 0.00576683414030785 0 0
"1971" 0.28236 0.31161 0 0.00652313607261598 0 0
"1972" 0.28154 0.3084 0 0.00747459002487266 0 0
"1973" 0.28515 0.3115 0.00137555402374627 0.008609971107721 0 0
"1974" 0.27782 0.30514 0.00344496413467170 0.00981058249248424 0 0
"1975" 0.2602 0.29261 0.0053556026891652 0.0110945348502389 0 0
"1976" 0.26936 0.30105 0.00747139957846107 0.0126558145412581 0 0
"1977" 0.2568 0.2893 0.0101562846937937 0.014688407925815 0 0
"1978" 0.25933 0.2931 0.0137741879263974 0.0173863013641827 0 0
"1979" 0.24982 0.28481 0.0191271461997534 0.0202418218657739 0 0
"1980" 0.25914 0.29857 0.0271399796626696 0.0232199890588119 0 0
"1981" 0.25186 0.2886 0.0325133485763513 0.0273729463691616 0 0
"1982" 0.24444 0.28371 0.0420043170970789 0.0321627097976672 0 0
"1983" 0.25261 0.29104 0.041292704871588 0.0392482468188871 0 0
"1984" 0.25198 0.29457 0.0402538290774476 0.0460317651335233 0 0
"1985" 0.25674 0.29844 0.0374128311557828 0.0562226673863369 0 0
"1986" 0.25475 0.29524 0.0273687937822561 0.0607189507112736 0 0
"1987" 0.25708 0.29692 0.0129010250489886 0.0549277748453682 0 0
"1988" 0.26141 0.30579 0.00475052196382132 0.0382768442269483 0 0
"1989" 0.25494 0.29716 0.00755362180851322 0.0349859850502488 0 0
"1990" 0.24912 0.29255 0.0122296975529788 0.038976108681444 0 0
"1991" 0.24866 0.29423 0.0105308707339732 0.034092786738229 0 0
"1992" 0.24365 0.29672 0.0050869128868414 0.0335391256755164 0 0
"1993" 0.25711 0.30626 0.000950585918123638 0.0335592080395525 0 0
"1994" 0.25441 0.30609 0 0.034023960155275 0 0
"1995" 0.2587 0.31015 0 0.0345468634312008 0 0
"1996" 0.25849 0.3096 0 0.0120618337160751 0 0
"1997" 0.25895 0.30954 0.0200837183278379 0.0282259858494543 0 0
"1998" 0.25857 0.30339 0.0217420329480167 0.0323757488651347 0 0
"1999" 0.26534 0.30584 0.0227554301122724 0.0357075090221068 0 0
"2000" 0.26294 0.30049 0.0228136980971924 0.0370622135310641 0 0
"2001" 0.25866 0.28967 0.0223923628943056 0.0373335852176506 0 0
"2002" 0.25589 0.28645 0.0216837979597856 0.0364689546948111 0 0
"2003" 0.25138 0.27237 0.0205210764585444 0.0344903925132328 0 0
"2004" 0.23431 0.25394 0.0191360961736615 0.0314480901729682 0 0
"2005" 0.23404 0.24739 0.0174684421742793 0.0273554942167883 0 0
