"mallcauses" "fallcauses" "mbmi" "fbmi" "msmoking" "fsmoking"
"1924" NA NA 0.029221519438646 0.0434663301005881 0.097395048194738 -0.00340589499829141
"1925" NA NA 0.0289010195811227 0.0428709909329042 0.0970082420701195 -0.00509634114731413
"1926" NA NA 0.0286882313003333 0.0424859267385081 0.096641581876145 -0.00668061294181052
"1927" NA NA 0.0285758959950325 0.0422966230380315 0.0962964928987792 -0.00815859330257148
"1928" NA NA 0.0285567550639748 0.0422885653521057 0.0959744004239872 -0.00953016515038786
"1929" NA NA 0.0286235499059147 0.0424472392013623 0.095676729737734 -0.0107952114060506
"1930" NA NA 0.0287690219196068 0.0427581301064329 0.0954049061259843 -0.0119536149903504
"1931" NA NA 0.0289859125038058 0.0432067235879488 0.0951603548747033 -0.0130052588240784
"1932" NA NA 0.0292669630572662 0.0437785051665417 0.0949445012698559 -0.0139500258280253
"1933" 0.12164 0.14115 0.0296049149787426 0.0444589603628431 0.094758770597407 -0.014787798922982
"1934" 0.12408 0.14248 0.0299925096669895 0.0452335746974844 0.0946045881433215 -0.0155184610297394
"1935" 0.11929 0.13932 0.0304224885207615 0.0460878336910972 0.0944833791935645 -0.0161418950690884
"1936" 0.12773 0.14836 0.0308875929388132 0.047007222864313 0.0943965690341008 -0.0166579839618199
"1937" 0.12095 0.14412 0.0313805643198992 0.0479772277377633 0.0943455829508954 -0.0170666106287247
"1938" 0.11567 0.13458 0.0318941440627741 0.0489833338320796 0.0943318462299132 -0.0173676579905937
"1939" 0.12002 0.14017 0.0324210735661923 0.0500110266678935 0.0943567841571193 -0.0175610089682178
"1940" 0.12364 0.14568 0.0329540942289086 0.0510457917658363 0.0944218220184785 -0.0176465464823878
"1941" 0.11813 0.14157 0.0334859474496774 0.0520731146465397 0.0945283850999558 -0.0176241534538948
"1942" 0.11308 0.13619 0.0340093746272534 0.0530784808306352 0.094677898687516 -0.0174937128035294
"1943" 0.11917 0.14335 0.0345171171603911 0.0540473758387542 0.0948717880671244 -0.0172551074520827
"1944" 0.11351 0.13483 0.0350019164478451 0.0549652851915283 0.0951114785247457 -0.0169082203203454
"1945" 0.10909 0.13095 0.0354565138883700 0.055817694409589 0.0953983953463448 -0.0164529343291085
"1946" 0.10622 0.12675 0.0358736508807204 0.0565900890135679 0.0957339638178868 -0.0158891323991628
"1947" 0.10784 0.12933 0.0362460688236507 0.0572679545240963 0.0961196092253366 -0.0152166974512993
"1948" 0.104 0.12626 0.0365665091159157 0.0578367764618058 0.096556756854659 -0.0144355124063087
"1949" 0.1012 0.12554 0.0368277131562698 0.058282040347328 0.0970468319918192 -0.0135454601849820
"1950" 0.10278 0.12888 0.0370224223434677 0.0585892317012944 0.097591259922782 -0.0125464237081101
"1951" 0.10224 0.12647 0.0371433780762640 0.0587438360443364 0.0981914659335124 -0.0114382858964838
"1952" 0.09676 0.12335 0.0371833217534131 0.0587313388970855 0.0988488753099752 -0.0102209296708940
"1953" 0.09908 0.12514 0.0371349947736697 0.0585372257801734 0.0995649133381356 -0.00889423795213164
"1954" 0.09456 0.11912 0.0369911385357883 0.0581469822142315 0.100341005303958 -0.00745809366098752
"1955" 0.09546 0.12147 0.0367444944385236 0.0575460937198913 0.101178576493409 -0.00591237971825253
"1956" 0.09713 0.12543 0.0363878038806301 0.0567200458177842 0.102130119451237 -0.00417825982680115
"1957" 0.09621 0.12304 0.0359138082608624 0.055654324028542 0.103224418507423 -0.00219751823333912
"1958" 0.09527 0.1224 0.035315248977975 0.0543344138727959 0.104427336625775 -9.68674404224368e-07
"1959" 0.09495 0.12291 0.0345848674307225 0.0527458008711776 0.105704736770100 0.00238057511346572
"1960" 0.09488 0.12547 0.0337154050178596 0.0508739705443186 0.107022481904206 0.00491629939373289
"1961" 0.09175 0.12081 0.0326996031381407 0.0487044084128504 0.108346434991901 0.00757539042985952
"1962" 0.09724 0.12747 0.0317303420192176 0.0465981013738918 0.109642458996992 0.0103270344853078
"1963" 0.09492 0.12656 0.0310028344920526 0.0449238131996071 0.110876416883288 0.0131404178235399
"1964" 0.09083 0.12339 0.0305133208603665 0.0436786947231955 0.112014171614597 0.0159847267080181
"1965" 0.09026 0.12354 0.03025804142788 0.0428598967778566 0.113021586154725 0.0188291474022045
"1966" 0.09044 0.12247 0.0302332364983139 0.0424645701967896 0.113864523467480 0.0216428661695613
"1967" 0.08677 0.12025 0.0304351463753888 0.0424898658131941 0.114404970068981 0.0247163152551564
"1968" 0.08935 0.12404 0.0308600113628257 0.0429329344602693 0.114566324123112 0.0282647776869307
"1969" 0.08596 0.12018 0.031504071764345 0.0437909269712147 0.114406566065337 0.0321447159026567
"1970" 0.08343 0.1186 0.0323635678836677 0.0450609941792296 0.113983676331118 0.0362125923401065
"1971" 0.08249 0.11897 0.0334347400245144 0.0467402869175135 0.113355635355917 0.0403248694370524
"1972" 0.08194 0.11908 0.0347138284906059 0.0488259560192658 0.112580423575197 0.0443380096312667
"1973" 0.08033 0.11848 0.0361970735856630 0.0513151523176857 0.111716021424419 0.0481084753605216
"1974" 0.07754 0.11484 0.0381135979633883 0.0543173495848112 0.110820409339047 0.0514927290625893
"1975" 0.07475 0.11334 0.0405333673889431 0.05788116692001 0.109449846123129 0.0539009238651657
"1976" 0.07353 0.11015 0.0432138868332359 0.0619124731474765 0.107441857145404 0.055110806050298
"1977" 0.06979 0.10844 0.0459126612671752 0.0663171370914049 0.105276322688366 0.0555302277872853
"1978" 0.07059 0.10984 0.0483871956616695 0.0710010275759894 0.103433123034513 0.0555670412454268
"1979" 0.06829 0.10545 0.0505299605388847 0.075917386770067 0.102392138466338 0.0556290985940218
"1980" 0.07015 0.10874 0.0522599036585518 0.0808605501968952 0.104932430816062 0.0548797507742368
"1981" 0.06799 0.10517 0.0529909482847562 0.0851548990983555 0.103709611801010 0.0551678020172882
"1982" 0.06825 0.10606 0.0528267094340715 0.090130121806675 0.102476014826431 0.0553793622958479
"1983" 0.06906 0.10806 0.0502561267170586 0.0913860497805043 0.101107754641133 0.0555628876932752
"1984" 0.06469 0.10373 0.047385026592393 0.0915016705735438 0.09948094599393 0.0557668342929293
"1985" 0.0662 0.10645 0.0477468011684592 0.0931613062484324 0.0974717036336319 0.0560396581781693
"1986" 0.06636 0.10469 0.0489758113169533 0.094742481040951 0.0949561423090498 0.0564298154323546
"1987" 0.06481 0.10348 0.0506271749258428 0.0966373851425557 0.0918103767689952 0.0569857621388442
"1988" 0.06553 0.10489 0.053442055269091 0.0996692291207965 0.087910521762279 0.0577559543809974
"1989" 0.06357 0.10031 0.0587587244351094 0.103527833614732 0.0831326920377128 0.0587888482421734
"1990" 0.06187 0.09834 0.0635261757597293 0.107436919380895 0.0773530023441074 0.0601328998057314
"1991" 0.06046 0.09653 0.0659426080215642 0.110089777714617 0.0708237847936247 0.0616754290561458
"1992" 0.06023 0.09604 0.0662504481694524 0.113119336571541 0.0649179825373773 0.0628418285834673
"1993" 0.06157 0.09644 0.067983939920232 0.116274038721756 0.0599252196556933 0.063099795580562
"1994" 0.05977 0.09236 0.0730569194830566 0.121095717245348 0.0552831741601232 0.0624978755239189
"1995" 0.05984 0.0917 0.0844985645795246 0.131463733708702 0.0512709582547373 0.0612629058306958
"1996" 0.05863 0.0887 0.0955422859164115 0.145081042166266 0.0481676841436061 0.0596217239180505
"1997" 0.05783 0.08617 0.123121130855151 0.169127468740774 0.0462524640307997 0.0578011672031407
"1998" 0.05886 0.0861 0.138767165694338 0.184856994891741 0.04696604545689 0.0556419282932509
"1999" 0.06174 0.08825 0.152639971221615 0.198915418900804 0.0487364958324201 0.0534107209971255
"2000" 0.0609 0.08768 0.161406242571343 0.208301896092258 0.0501162486252794 0.0513188523406808
"2001" 0.05975 0.08493 0.167737276432180 0.215612068888173 0.0515287577465255 0.0495751884854363
"2002" 0.0614 0.08548 0.171531611209543 0.220936328188883 0.0525973793063063 0.048451084090109
"2003" 0.05837 0.08145 0.172795422649962 0.224113087744075 0.0531453060041599 0.0479080822998206
"2004" 0.05708 0.07969 0.171484677834743 0.225172126650418 0.0532855370050866 0.0479048439472477
"2005" 0.05668 0.07954 0.167699992798415 0.224180805534524 0.0529377356473748 0.0484697925043209
