"mallcauses" "fallcauses" "mbmi" "fbmi" "msmoking" "fsmoking"
"1924" NA NA 0.00103390384154651 0.00155719138583910 0.0322074538972096 0.0217454161246937
"1925" NA NA 0.00102423135341447 0.00155943734153670 0.0325721528207900 0.0218467918371873
"1926" NA NA 0.00101822655689877 0.00156203449889877 0.0329116857904551 0.0219403095196869
"1927" NA NA 0.00101563280147806 0.00156495989460333 0.0332262415565129 0.0220259577922772
"1928" NA NA 0.00101619343663097 0.00156819056532840 0.033516008869271 0.0221037252750429
"1929" NA NA 0.00101965181183612 0.00157170354775198 0.0337811764790373 0.0221736005880686
"1930" NA NA 0.00102575127657216 0.00157547587855208 0.0340219331361197 0.0222355723514389
"1931" NA NA 0.00103423518031771 0.00157948459440673 0.0342384675908258 0.0222896291852386
"1932" NA NA 0.00104484687255141 0.00158370673199392 0.0344309685934636 0.0223357597095521
"1933" 0.00119 0.00151 0.00105732970275188 0.00158811932799168 0.0345996248943407 0.0223739525444642
"1934" 0.00123 0.00154 0.00107142702039776 0.00159269941907801 0.0347446252437651 0.0224041963100595
"1935" 0.00118 0.00155 0.00108688217496769 0.00159742404193092 0.0348661583920444 0.0224264796264227
"1936" 0.00112 0.00151 0.00110343851594029 0.00160227023322844 0.0349644130894865 0.0224407911136385
"1937" 0.00104 0.00135 0.00112083939279419 0.00160721502964857 0.0350395780863992 0.0224471193917913
"1938" 0.00095 0.00123 0.00113882815500803 0.00161223546786932 0.0350918421330903 0.0224454530809659
"1939" 0.00078 0.00111 0.00115714815206044 0.0016173085845687 0.0351213939798676 0.022435780801247
"1940" 0.00077 0.00106 0.00117554273343006 0.00162241141642474 0.0351284223770390 0.0224180911727192
"1941" 0.00074 0.00104 0.00119375524859551 0.00162752100011542 0.035113116074912 0.0223923728154670
"1942" 0.00062 0.00099 0.00121152904703543 0.00163261437231879 0.0350756638237947 0.0223586143495753
"1943" 0.00074 0.00107 0.00122860747822844 0.00163766856971283 0.0350162543739948 0.0223168043951285
"1944" 0.00066 0.00109 0.00124473389165319 0.00164266062897557 0.0349350764758200 0.0222669315722114
"1945" 0.00064 0.00095 0.0012596516367883 0.00164756758678502 0.0348323188795783 0.0222089845009087
"1946" 0.00059 0.00089 0.00127310406311241 0.00165236647981919 0.0347081703355773 0.0221429518013048
"1947" 0.00047 0.00073 0.00128483452010414 0.00165703434475608 0.0345628195941249 0.0220688220934845
"1948" 0.00049 0.00073 0.00129458635724214 0.00166154821827372 0.0343964554055288 0.0219865839975325
"1949" 0.00049 0.00075 0.00130210292400502 0.00166588513705012 0.034209266520097 0.0218962261335333
"1950" 0.00046 0.00067 0.00130712756987143 0.00167002213776329 0.0340014416881372 0.0217977371215717
"1951" 0.00038 0.00053 0.00130940364432000 0.00167393625709123 0.0337731696599571 0.0216911055817322
"1952" 0.00037 0.00055 0.00130867449682935 0.00167760453171197 0.0335246391858646 0.0215763201340995
"1953" 0.00036 0.00057 0.00130468347687813 0.00168100399830351 0.0332560390161675 0.0214533693987583
"1954" 0.00039 0.00058 0.00129717393394496 0.00168411169354386 0.0329675579011736 0.0213222419957932
"1955" 0.00035 0.00056 0.00128588921750847 0.00168690465411105 0.0326593845911906 0.0211829265452887
"1956" 3e-04 0.00047 0.00127057267704730 0.00168935991668307 0.0323215983725629 0.0210222573579816
"1957" 0.00033 0.00048 0.00125096766204008 0.00169145451793795 0.0319453645055439 0.0208304270325633
"1958" 0.00031 0.00048 0.00122681752196544 0.00169316549455369 0.0315325007013051 0.0206124616210514
"1959" 0.00033 0.00051 0.00119786560630201 0.00169446988320830 0.0310848246710183 0.0203733871754633
"1960" 0.00033 0.00047 0.00116385526452843 0.00169534472057981 0.030604154125855 0.0201182297478166
"1961" 0.00031 0.00044 0.00112452984612333 0.00169576704334621 0.0300923067769868 0.0198520153901286
"1962" 0.00029 0.00045 0.00108576795946943 0.00169597302552286 0.0295511003355854 0.0195797701544168
"1963" 0.00029 0.00046 0.00105360037476629 0.00169618931731484 0.0289823525128222 0.0193065200926986
"1964" 0.00029 0.00042 0.00102799868421780 0.00169637866968481 0.0283878810198691 0.0190372912569916
"1965" 0.00028 0.00044 0.00100893448002785 0.00169650383359544 0.0277695035678975 0.0187771096993131
"1966" 0.00031 0.00043 0.000996379354400325 0.00169652756000938 0.0271290378680790 0.0185310014716807
"1967" 0.00029 0.00043 0.000990304899539122 0.00169641259988929 0.0263880798381907 0.0182675587289749
"1968" 0.00029 0.00044 0.000990682707648126 0.00169612170419783 0.0254913011593252 0.0179613907129143
"1969" 0.00031 0.00049 0.000997484370931227 0.00169561762389765 0.0244751331876287 0.0176265491057739
"1970" 0.00028 0.00044 0.00101068148159231 0.00169486310995142 0.023376007279247 0.0172770855898284
"1971" 0.00027 0.00042 0.00103024563183527 0.00169382091332178 0.0222303547903258 0.0169270518473526
"1972" 0.00029 0.00041 0.00105614841386400 0.00169245378497141 0.0210746070770112 0.0165904995606214
"1973" 0.00028 0.00043 0.00108836141988238 0.00169072447586295 0.0199451954954488 0.0162814804119095
"1974" 0.00025 4e-04 0.00112685624209429 0.00168859573695906 0.0188785514017847 0.0160140460834917
"1975" 0.00024 0.00036 0.00117160447270365 0.00168603031922241 0.0179575140786210 0.0158888250285735
"1976" 0.00022 0.00034 0.00122257770391432 0.00168299097361564 0.0172183112144101 0.0159513298111813
"1977" 0.00023 0.00034 0.0012797475279302 0.00167944045110143 0.0166274567740723 0.0161329382798215
"1978" 0.00022 0.00032 0.00134308553695518 0.00167534150264241 0.0161514647225282 0.0163650282830008
"1979" 0.00021 0.00033 0.00141298416576422 0.0016728489507413 0.0157568490246983 0.0165789776692254
"1980" 0.00023 0.00032 0.00149204015440877 0.00167795295814181 0.0155592124771055 0.0170018489888598
"1981" 0.00018 0.00029 0.00158353155300748 0.00169636928616814 0.0152092520859069 0.0169627726410343
"1982" 2e-04 0.00031 0.00168617050971467 0.00167373496095111 0.0148622330411683 0.0167560207295398
"1983" 0.00017 0.00025 0.00176569250573778 0.00167372000732655 0.0145322214844107 0.0164143508285887
"1984" 0.00019 0.00024 0.00182943547430109 0.00168653175592839 0.0142332835571550 0.0159705205123937
"1985" 0.00018 0.00027 0.00194209243879799 0.00178232587277260 0.0139794854009221 0.0154572873551673
"1986" 0.00017 0.00025 0.00211315330015234 0.00199481953343608 0.0137848931572329 0.0149074089311222
"1987" 0.00016 0.00026 0.00233055430418485 0.00227125600712484 0.0136635729676084 0.0143536428144709
"1988" 0.00019 0.00027 0.00264847100945365 0.00265218503944997 0.0136295909735694 0.0138287465794260
"1989" 0.00018 0.00027 0.00298911347123022 0.00306109306407737 0.013697013316637 0.0133654778002000
"1990" 0.00017 0.00022 0.00332251610479516 0.00347849801400827 0.013879906138332 0.0129965940510057
"1991" 0.00017 0.00022 0.003496629010124 0.00369226968338672 0.0142536153802057 0.0127896221814310
"1992" 0.00015 0.00022 0.00374270966123771 0.00394929406854125 0.0147157983787559 0.0127435729143081
"1993" 0.00016 0.00019 0.00408644099031352 0.00421313970615672 0.0153117714839014 0.0130253024649055
"1994" 0.00013 2e-04 0.00461583723612432 0.00465250179917818 0.0161408302535954 0.0136916863467196
"1995" 0.00014 0.00021 0.00575740217013428 0.0057842660386568 0.0170314767338304 0.0145077368911713
"1996" 0.00015 0.00019 0.00695159217452713 0.00696403514392565 0.0178122129705988 0.0152384664296817
"1997" 0.00014 0.00018 0.00846919283272958 0.0084107317556701 0.0183115410098930 0.0156488872936715
"1998" 0.00013 0.00018 0.00973258919903162 0.00945274841792424 0.0186113304713321 0.0157935143468631
"1999" 0.00014 0.00017 0.0107922753666035 0.0102771866660747 0.0187437247345861 0.0158180310314642
"2000" 0.00013 0.00016 0.0113420592586766 0.0106750697490955 0.0185938642329862 0.0156927224524977
"2001" 0.00014 0.00016 0.0117357132057215 0.010835357981938 0.0182934607887152 0.0153692441107114
"2002" 0.00013 0.00016 0.0120614393019310 0.0107704353394597 0.0178873403095472 0.0148059738189931
"2003" 0.00013 0.00014 0.0122346285118310 0.0104625986870280 0.0173575570792978 0.0140123081319197
"2004" 0.00012 0.00016 0.0122759737887236 0.00992674342606392 0.0166965848967309 0.0129945729789923
"2005" 0.00012 0.00015 0.0121861063753482 0.00916480733751328 0.0159025776373080 0.0117502529012427
