"mallcauses" "fallcauses" "mbmi" "fbmi" "msmoking" "fsmoking"
"1924" NA NA 0.000645461078337833 0.000972146916079404 0.0201069549097654 0.0135755562333098
"1925" NA NA 0.000639422591614946 0.000973549055164505 0.0203346346523328 0.0136388445915438
"1926" NA NA 0.000635673826711991 0.000975170447719763 0.0205466034137638 0.013697227220338
"1927" NA NA 0.000634054557971978 0.00097699675785631 0.0207429790299461 0.0137506970152671
"1928" NA NA 0.000634404559737913 0.000979013649685279 0.0209238793367679 0.0137992468719061
"1929" NA NA 0.000636563606352807 0.000981206787317802 0.0210894221701169 0.0138428696858298
"1930" NA NA 0.000640371472159667 0.00098356183486501 0.0212397253658812 0.013881558352613
"1931" NA NA 0.0006456679315015 0.000986064456438035 0.0213749067599486 0.0139153057678307
"1932" NA NA 0.000652292758721317 0.00098870031614801 0.0214950841882071 0.0139441048270577
"1933" 0.00132 0.00161 0.000660085728162124 0.000991455078106066 0.0216003754865447 0.0139679484258688
"1934" 0.00135 0.00165 0.000668886614166931 0.000994314406423337 0.0216908984908492 0.0139868294598390
"1935" 0.00129 0.00164 0.000678535191078745 0.000997263965210953 0.0217667710370087 0.0140007408245431
"1936" 0.00122 0.00161 0.000688871233240575 0.00100028941858005 0.0218281109609110 0.0140096754155560
"1937" 0.00113 0.00146 0.000699734514995427 0.00100337643064175 0.0218750360984440 0.0140136261284525
"1938" 0.00104 0.00132 0.000710964810686312 0.00100651066550720 0.0219076642854958 0.0140125858588076
"1939" 0.00085 0.00115 0.000722401894656238 0.00100967778728752 0.0219261133579543 0.0140065475021960
"1940" 0.00083 0.00112 0.000733885541248213 0.00101286346009384 0.0219305011517073 0.0139955039541926
"1941" 8e-04 0.0011 0.000745255524805246 0.00101605334803731 0.0219209455026428 0.0139794481103723
"1942" 0.00068 0.00105 0.000756351619670342 0.00101923311522904 0.0218975642466489 0.0139583728663101
"1943" 0.00079 0.00111 0.000767013600186512 0.00102238842578018 0.0218604752196133 0.0139322711175806
"1944" 7e-04 0.00111 0.000777081240696765 0.00102550494380185 0.021809796257424 0.0139011357597589
"1945" 0.00067 0.00098 0.000786394315544107 0.00102856833340519 0.021745645195969 0.0138649596884197
"1946" 0.00063 0.00092 0.000794792599071549 0.00103156425870132 0.0216681398711362 0.013823735799138
"1947" 0.00051 0.00078 0.000802115865622096 0.00103447838380139 0.0215773981188135 0.0137774569874886
"1948" 0.00054 0.00078 0.000808203889538758 0.00103729637281652 0.0214735377748889 0.0137261161490464
"1949" 0.00052 0.00078 0.000812896445164544 0.00104000388985784 0.0213566766752503 0.0136697061793862
"1950" 0.00047 0.00068 0.00081603330684246 0.00104258659903649 0.0212269326557857 0.0136082199740829
"1951" 0.00041 0.00054 0.000817454248915518 0.0010450301644636 0.0210844235523829 0.0135416504287113
"1952" 0.00043 0.00062 0.000816999045726723 0.0010473202502503 0.0209292672009300 0.0134699904388465
"1953" 0.00042 0.00064 0.000814507471619084 0.00104944252050772 0.0207615814373148 0.0133932329000631
"1954" 0.00041 0.00059 0.000809819300935611 0.001051382639347 0.0205814840974252 0.0133113707079361
"1955" 0.00035 0.00054 0.000802774308019309 0.00105312627087926 0.0203890930171493 0.0132243967580403
"1956" 0.00033 0.00051 0.000793212267213189 0.00105465907921565 0.0201782147437917 0.0131240917753837
"1957" 0.00037 0.00054 0.00078097295286026 0.00105596672846728 0.0199433337928224 0.0130043330476115
"1958" 0.00035 0.00052 0.000765896139303526 0.00105703488274530 0.0196855849523770 0.0128682583142549
"1959" 0.00033 0.00052 0.000747821600885999 0.00105784920616083 0.0194061030105915 0.0127190053148450
"1960" 0.00036 0.00052 0.000726589111950687 0.00105839536282501 0.0191060227556016 0.0125597117889128
"1961" 0.00032 0.00047 0.000702038446840596 0.00105865901684897 0.0187864789755431 0.0123935154759894
"1962" 0.00034 0.00047 0.000677839591828498 0.00105878761050779 0.0184486064585517 0.012223554115606
"1963" 0.00034 0.00044 0.000657757527060313 0.00105892264040871 0.0180935399927633 0.0120529654472936
"1964" 0.00034 5e-04 0.000641774517688782 0.00105904085216110 0.0177224143663136 0.0118848872105834
"1965" 0.00033 0.00046 0.000629872828866644 0.00105911899137432 0.0173363643673385 0.0117224571450063
"1966" 0.00031 0.00047 0.000622034725746644 0.00105913380365774 0.0169365247839738 0.0115688129900936
"1967" 0.00032 0.00044 0.000618242473481518 0.00105906203462072 0.0164739483336731 0.0114043469827589
"1968" 0.00034 0.00048 0.000618478337224009 0.00105888042987263 0.0159140938193257 0.0112132077976066
"1969" 0.00033 0.00047 0.000622724582126856 0.00105856573502283 0.0152797051572211 0.0110041678307042
"1970" 3e-04 0.00046 0.0006309634733428 0.00105809469568069 0.0145935262636482 0.0107859994781188
"1971" 0.00028 0.00046 0.000643177276024581 0.00105744405745557 0.0138783010548963 0.0105674751359177
"1972" 3e-04 0.00043 0.00065934825532494 0.00105659056595685 0.0131567734472546 0.0103573672001685
"1973" 3e-04 0.00043 0.000679458676396618 0.00105551096679388 0.0124516873570124 0.0101644480669382
"1974" 0.00027 0.00041 0.000703490804392353 0.00105418200557603 0.0117857867004588 0.00999749013229418
"1975" 0.00025 0.00036 0.000731426904464889 0.00105258042791266 0.0112107876339021 0.00991931524417574
"1976" 0.00025 0.00036 0.000763249241766964 0.00105068297941315 0.0107493069248931 0.00995833667224485
"1977" 0.00026 0.00037 0.000798940081451318 0.00104846640568685 0.0103804394065844 0.0100717139451530
"1978" 0.00026 0.00035 0.000838481688670694 0.00104590745234314 0.0100832799121285 0.0102166065915518
"1979" 0.00025 0.00033 0.00088211905852313 0.00104435136446218 0.00983692327467827 0.0103501741400925
"1980" 0.00023 0.00035 0.000931473323038917 0.00104753777115514 0.00971353975098677 0.0106141706231321
"1981" 0.00023 0.00034 0.000988590952769187 0.00105903499407784 0.00949506120162699 0.0105897754515587
"1982" 0.00021 3e-04 0.00105266794814682 0.00104490449627431 0.00927841892038187 0.0104607012510585
"1983" 2e-04 0.00029 0.00110231313877487 0.00104489516080011 0.0090723943301549 0.0102473984139459
"1984" 2e-04 3e-04 0.00114210756024040 0.00105289347237962 0.00888576885384954 0.00997031733253535
"1985" 0.00019 0.00028 0.00121243874856220 0.00111269726792814 0.00872732391436927 0.00964990839914117
"1986" 0.00019 0.00026 0.00131923120216796 0.00124535601416769 0.0086058409346176 0.0093066220060778
"1987" 0.00019 0.00028 0.00145495357871379 0.00141793394378652 0.00853010133749793 0.0089609085456596
"1988" 2e-04 0.00027 0.00165342741269961 0.00165574606334203 0.0085088865459138 0.008633218410201
"1989" 0.00019 0.00028 0.00186608882459366 0.00191102533005044 0.00855097798276866 0.00834400199201637
"1990" 0.00016 0.00025 0.00207423044737707 0.00217160918539519 0.008665157070966 0.0081137096834201
"1991" 0.00018 0.00023 0.00218292827701081 0.00230506578618381 0.00889846191088592 0.00798449816417334
"1992" 0.00014 0.00024 0.00233655521603866 0.00246552484449702 0.00918700048154003 0.00795574983341047
"1993" 0.00019 0.00023 0.00255114499258104 0.00263024237714036 0.00955906355708888 0.00813163220488538
"1994" 0.00017 0.00021 0.0028816444626071 0.00290453396882088 0.0100766408655276 0.00854765238167404
"1995" 0.00015 0.00023 0.00359431783095107 0.00361108881181806 0.0106326670784590 0.00905710871913393
"1996" 0.00016 2e-04 0.00433984477166029 0.00434761285619867 0.0111200768674855 0.00951329957262247
"1997" 0.00014 0.00019 0.00528727539138246 0.00525077842877987 0.0114318049042100 0.00976952329749713
"1998" 0.00014 0.00017 0.00607600752312658 0.00590130430114581 0.0116189619891139 0.00985981325480128
"1999" 0.00015 0.00018 0.00673756438067491 0.0064159970407319 0.0117016150758824 0.00987511890030137
"2000" 0.00013 0.00016 0.00708079175789352 0.0066643934906714 0.0116080579025014 0.0097968893713505
"2001" 0.00012 0.00016 0.00732654797906341 0.0067644606453312 0.0114205175111382 0.00959494343506693
"2002" 0.00013 0.00017 0.0075298971773677 0.00672392975924815 0.0111669784953369 0.00924329656494374
"2003" 0.00012 0.00016 0.0076380183484926 0.00653174885262407 0.0108362374328309 0.00874781498374379
"2004" 0.00012 0.00015 0.00766383000131261 0.00619721705123576 0.0104235957532403 0.00811244793811192
"2005" 0.00012 0.00015 0.00760772621756232 0.00572154410218783 0.00992790093010421 0.00733562503939795
