"mallcauses" "fallcauses" "mbmi" "fbmi" "msmoking" "fsmoking"
"1924" NA NA 0.0880659576875839 0.126727632843892 0.37972729890872 0.211390701679719
"1925" NA NA 0.0880494870516702 0.126944729362157 0.378436745290783 0.207695679982718
"1926" NA NA 0.088194131007394 0.127235903289490 0.377197074377431 0.204214212076099
"1927" NA NA 0.0884873792765084 0.127595420852382 0.376009978554435 0.200947456104873
"1928" NA NA 0.0889167215807667 0.128017548277321 0.37487715020757 0.197896570214049
"1929" NA NA 0.0894696476419221 0.128496551790796 0.37380028172261 0.195062712548638
"1930" NA NA 0.0901336471817278 0.129026697619296 0.372781065485328 0.192447041253648
"1931" NA NA 0.090896209921937 0.129602251989309 0.371821193881497 0.190050714474089
"1932" NA NA 0.0917448255843029 0.130217481127326 0.370922359296892 0.187874890354971
"1933" 0.01556 0.02043 0.0926669838905788 0.130866651259834 0.370086254117286 0.185920727041304
"1934" 0.01547 0.02086 0.0936501745625179 0.131544028613323 0.369314570728451 0.184189382678097
"1935" 0.01547 0.02111 0.0946818873218733 0.132243879414283 0.368609001516163 0.182682015410360
"1936" 0.01581 0.02232 0.0957496118903984 0.132960469889200 0.367971238866195 0.181399783383104
"1937" 0.01541 0.02213 0.0968408379898462 0.133688066264566 0.367402975164319 0.180343844741336
"1938" 0.01485 0.0207 0.0979430553419701 0.134420934766868 0.36690590279631 0.179515357630068
"1939" 0.01496 0.02123 0.0990437536685233 0.135153341622596 0.366481714147941 0.178915480194308
"1940" 0.01459 0.02173 0.100130422691259 0.135879553058238 0.366132101604986 0.178545370579067
"1941" 0.01403 0.02133 0.101190552131930 0.136593835300285 0.365858757553219 0.178406186929354
"1942" 0.01353 0.0212 0.102211631712290 0.137290454575223 0.365663374378413 0.178499087390178
"1943" 0.01409 0.02169 0.103181151154093 0.137963677109543 0.365547644466341 0.178825230106551
"1944" 0.01341 0.02113 0.104086600179090 0.138607769129734 0.365513260202777 0.179385773223480
"1945" 0.01313 0.02118 0.104915468509037 0.139216996862284 0.365561913973495 0.180181874885977
"1946" 0.0125 0.02028 0.105655245865685 0.139785626533683 0.365695298164269 0.181214693239049
"1947" 0.01236 0.02084 0.106293421970788 0.140307924370419 0.365915105160871 0.182485386427709
"1948" 0.01201 0.02047 0.106817486546099 0.140778156598981 0.366223027349076 0.183995112596964
"1949" 0.01157 0.01994 0.107214929313372 0.141190589445859 0.366620757114657 0.185745029891824
"1950" 0.01118 0.01969 0.107473239994359 0.141539489137541 0.367109986843388 0.187736296457300
"1951" 0.01111 0.02002 0.107579908310814 0.141819121900516 0.367692408921041 0.189970070438401
"1952" 0.01087 0.01991 0.107522423984490 0.142023753961273 0.368369715733392 0.192447509980137
"1953" 0.01062 0.01941 0.107288276737141 0.142147651546302 0.369143599666213 0.195169773227517
"1954" 0.00982 0.01826 0.106864956290519 0.142185080882091 0.370015753105278 0.198138018325551
"1955" 0.00988 0.01846 0.106239952366378 0.142130308195129 0.37098786843636 0.201353403419249
"1956" 0.00995 0.01857 0.105400754686470 0.141977599711905 0.372187798317972 0.205035128765639
"1957" 0.00981 0.01849 0.104334852972550 0.141721221658908 0.373699053639666 0.209339117182522
"1958" 0.00952 0.01822 0.103029736946370 0.141355440262627 0.375456814133781 0.214171610656063
"1959" 0.00863 0.01716 0.101472896329684 0.140874521749552 0.377396259532655 0.219438851172429
"1960" 0.00897 0.01795 0.099651820844245 0.140272732346170 0.379452569568625 0.225047080717785
"1961" 0.00861 0.01746 0.0975540002118057 0.139544338278971 0.381560923974029 0.230902541278297
"1962" 0.00863 0.01784 0.0954649058294546 0.138818663838365 0.383656502481205 0.236911474840132
"1963" 0.00903 0.01827 0.0936760373770485 0.138227591332088 0.385674484822491 0.242980123389455
"1964" 0.00877 0.01781 0.092183927000493 0.137769224012622 0.387550050730224 0.249014728912432
"1965" 0.00877 0.01799 0.0909851068456942 0.137441665132446 0.389218379936743 0.254921533395229
"1966" 0.00846 0.01793 0.0900761090585579 0.137243017944039 0.390614652174384 0.260606778824012
"1967" 0.00887 0.01821 0.0894534657849899 0.137171385699882 0.391969702687577 0.266653574718551
"1968" 0.00927 0.01877 0.0891137091708962 0.137224871652455 0.393464293517729 0.273511157675137
"1969" 0.00884 0.0182 0.0890533713621826 0.137401579054238 0.394958494592651 0.280884960294725
"1970" 0.00909 0.01849 0.0892689845047549 0.137699611157711 0.396312375840152 0.288480415178268
"1971" 0.00882 0.01797 0.0897570807445191 0.138117071215354 0.397386007188043 0.296002954926718
"1972" 0.00852 0.018 0.090514192227381 0.138652062479646 0.398039458564132 0.303158012141028
"1973" 0.00889 0.01764 0.0915368510992465 0.139302688203068 0.398132799896231 0.309651019422152
"1974" 0.00819 0.01669 0.0928215895060215 0.1400670516381 0.397526101112148 0.315187409371041
"1975" 0.00823 0.01625 0.0943649395936118 0.140943256037222 0.396161588299021 0.318646389622879
"1976" 0.00766 0.01541 0.0961634335079232 0.141929404652913 0.394094469835319 0.31958931741594
"1977" 0.00771 0.01494 0.0982136033948617 0.143023600737654 0.391354289085858 0.318744849755824
"1978" 0.00751 0.01482 0.100511981400333 0.144223947543925 0.38797058941545 0.316841643648128
"1979" 0.00734 0.01434 0.103402290305543 0.145715824678061 0.383972914188907 0.314608356098451
"1980" 0.00731 0.01405 0.107161658613512 0.147664681006773 0.379405480323842 0.311995091778626
"1981" 0.00722 0.01402 0.111686727052875 0.150038723673103 0.372651249701522 0.308494225840145
"1982" 0.00717 0.01355 0.117972335922073 0.153089569837243 0.363343998677984 0.303924794760058
"1983" 0.0072 0.0136 0.124620661314196 0.156289623667151 0.352058263370325 0.298464432835855
"1984" 0.00714 0.01331 0.131856669904954 0.159748193449741 0.339368579895643 0.292290774365027
"1985" 0.00711 0.01315 0.138911745299636 0.163629933108572 0.325849484371035 0.285581453645064
"1986" 0.00673 0.01256 0.144898397727374 0.167388005405666 0.312075512913597 0.278514104973457
"1987" 0.00699 0.01251 0.150901276797241 0.171646960007727 0.298621201640426 0.271266362647696
"1988" 0.00691 0.01199 0.158412832046657 0.178067183538955 0.286061086668619 0.264015860965271
"1989" 0.0067 0.01199 0.166055915903064 0.184831822861758 0.274969704115274 0.256940234223674
"1990" 0.00678 0.01191 0.173015549527733 0.191601198602695 0.265921590097487 0.250217116720395
"1991" 0.00661 0.01141 0.178098735137152 0.195964121698988 0.259293212640736 0.243949795311123
"1992" 0.00636 0.01119 0.183736489433048 0.200546073204427 0.254073013965622 0.238136785344734
"1993" 0.00657 0.01121 0.190306339902041 0.203927440595524 0.251332617904531 0.232596687520088
"1994" 0.00641 0.01091 0.198927280555587 0.209088364060443 0.251961947546732 0.227127941793549
"1995" 0.00639 0.01078 0.21371759405069 0.220279177111282 0.254180949187331 0.221720784088639
"1996" 0.0063 0.01047 0.230237889555885 0.234111407552675 0.256209569121434 0.216365450328876
"1997" 0.00631 0.01025 0.250986231166765 0.255512706480618 0.256267753644148 0.211052176437782
"1998" 0.00612 0.01005 0.26972739376967 0.273526814539534 0.2530222177171 0.207418837789937
"1999" 0.00593 0.00979 0.286913870806681 0.290233094788591 0.248144514148569 0.204526766339239
"2000" 0.00606 0.00985 0.299232928726436 0.302160671696523 0.242231698947398 0.201017829950655
"2001" 0.00601 0.00959 0.308986966509485 0.312104858742404 0.236529897634329 0.197013364310356
"2002" 0.00591 0.00949 0.315809090555525 0.319911264551594 0.232226036567032 0.192070258072332
"2003" 0.00552 0.00889 0.319962961417852 0.325565808228708 0.229140473306176 0.185979926602153
"2004" 0.00587 0.00957 0.321299946969491 0.328938146993459 0.227071472142765 0.178903446760011
"2005" 0.00549 0.00912 0.319933573270225 0.330190419417092 0.226108705431336 0.170777514730245
