"mallcauses" "fallcauses" "mbmi" "fbmi" "msmoking" "fsmoking"
"1924" NA NA 0.00662999203189886 0.00994608653785002 NA NA
"1925" NA NA 0.00635393546685182 0.00973349398498526 NA NA
"1926" NA NA 0.00624787970383084 0.00963861350042965 NA NA
"1927" NA NA 0.0062986896532 0.00965251081216911 NA NA
"1928" NA NA 0.00649323022532339 0.00976625164818955 NA NA
"1929" NA NA 0.0068183663305651 0.00997090173647685 NA NA
"1930" NA NA 0.00726096287928919 0.0102575268050169 NA NA
"1931" NA NA 0.00780788478185977 0.0106171925817957 NA NA
"1932" NA NA 0.0084459969486409 0.0110409647947991 NA NA
"1933" 0.27469 0.29948 0.00916216428999669 0.0115199091720129 NA NA
"1934" 0.28063 0.30344 0.0099432517162912 0.0120450914414232 NA NA
"1935" 0.28567 0.30481 0.0107761241378885 0.0126075773310157 NA NA
"1936" 0.31239 0.33208 0.0116476464651528 0.0131984325687765 NA NA
"1937" 0.29527 0.31848 0.012544683608448 0.0138087228826913 NA NA
"1938" 0.27704 0.29947 0.0134541004781383 0.0144295140007462 NA NA
"1939" 0.29327 0.3098 0.0143627619845877 0.015051871650927 NA NA
"1940" 0.30457 0.32641 0.0152575330381604 0.0156668615612196 NA NA
"1941" 0.28473 0.31385 0.0161252785492204 0.0162655494596100 NA NA
"1942" 0.27687 0.30165 0.0169528634281319 0.0168390010740840 NA NA
"1943" 0.30095 0.32685 0.0177271525852587 0.0173782821326275 NA NA
"1944" 0.27862 0.30314 0.0184350109309652 0.0178744583632265 NA NA
"1945" 0.27228 0.30006 0.0190633033756154 0.0183185954938668 NA NA
"1946" 0.27518 0.30376 0.0195988948295732 0.0187017592525343 NA NA
"1947" 0.28279 0.3124 0.0200286502032029 0.0190150153672151 NA NA
"1948" 0.28432 0.31282 0.0203394344068685 0.0192494295658948 NA NA
"1949" 0.27943 0.30305 0.0205181123509342 0.0193960675765596 NA NA
"1950" 0.27993 0.30774 0.0205515489457638 0.0194459951271952 NA NA
"1951" 0.28049 0.3112 0.0204266091017217 0.0193902779457876 NA NA
"1952" 0.27798 0.2979 0.0201301577291718 0.0192199817603227 NA NA
"1953" 0.27789 0.30485 0.0196490597384782 0.0189261722987863 NA NA
"1954" 0.26627 0.2916 0.0189701800400051 0.0184999152891645 NA NA
"1955" 0.27813 0.30335 0.0180803835441165 0.0179322764594430 0 0
"1956" 0.27647 0.30173 0.0169665351611764 0.0172143215376079 0 0
"1957" 0.28522 0.31443 0.015615499801549 0.0163371162516449 0 0
"1958" 0.28328 0.30781 0.0140141423755984 0.0152917263295400 0 0
"1959" 0.28104 0.30467 0.0121493277936886 0.0140692174992792 0 0
"1960" 0.28596 0.30723 0.0100079209661837 0.0126606554888483 0 0
"1961" 0.27868 0.3046 0.00757678680344782 0.0110571060262332 0 0
"1962" 0.28579 0.31603 0.00515673387840056 0.0095122081550366 0 0
"1963" 0.29183 0.32103 0.00306810435206068 0.00827810570432436 0 0
"1964" 0.28137 0.30605 0.00132706351694102 0.00734362158027687 0 0
"1965" 0.2804 0.30959 0 0.00669757868907459 0 0
"1966" 0.28119 0.30789 0 0.00632879993689796 0 0
"1967" 0.27346 0.30431 0 0.00622610822992745 0 0
"1968" 0.28117 0.30927 0 0.00637832647434348 0 0
"1969" 0.27454 0.29967 0 0.00677427757632652 0 0
"1970" 0.26007 0.29044 0 0.00740278444205701 0 0
"1971" 0.26476 0.29619 0.000230145596347401 0.0082526699777154 0 0
"1972" 0.26396 0.2933 0.00185176482145146 0.00931275708948215 0 0
"1973" 0.26715 0.29621 0.00396646037039121 0.0105718686835377 0 0
"1974" 0.25999 0.28991 0.0062750020637416 0.0119379713570846 0 0
"1975" 0.24326 0.27789 0.00861409081612295 0.0134383745417810 0 0
"1976" 0.25147 0.28562 0.0112037885611161 0.0152409153954902 0 0
"1977" 0.2396 0.27455 0.0142641572323021 0.0175134310760756 0 0
"1978" 0.24184 0.27805 0.0180152587632617 0.0204237587414007 0 0
"1979" 0.23287 0.27004 0.0231292716429525 0.023536715798699 0 0
"1980" 0.24164 0.28301 0.0304481894548472 0.0267711751469415 0 0
"1981" 0.23477 0.27363 0.03492705498947 0.0308879221845999 0 0
"1982" 0.22778 0.26888 0.0425741058838568 0.035456092760952 0 0
"1983" 0.23519 0.27581 0.0402558603207329 0.0414241767882702 0 0
"1984" 0.23448 0.27888 0.0375412738241499 0.0469570583215511 0 0
"1985" 0.23886 0.2826 0.0346822905888557 0.0557393203498227 0 0
"1986" 0.23688 0.27948 0.0258731218288153 0.0593793394062651 0 0
"1987" 0.23883 0.28084 0.0133154682140965 0.0541346167846952 0 0
"1988" 0.24288 0.28907 0.0069007180553112 0.0399255517876368 0 0
"1989" 0.2366 0.28064 0.0107090810036552 0.0381234628969287 0 0
"1990" 0.23106 0.27617 0.0155413801701395 0.0424758641534297 0 0
"1991" 0.23044 0.27755 0.0141190919007489 0.0388599379776315 0 0
"1992" 0.22571 0.27946 0.00868209111528762 0.0392440970961775 0 0
"1993" 0.23811 0.28848 0.00475432445763937 0.0397159519519306 0 0
"1994" 0.23553 0.28795 0.00329935185950583 0.0405249530770002 0 0
"1995" 0.23931 0.29145 0.00424598764651502 0.0416647226138604 0 0
"1996" 0.23901 0.29068 0 0.022480370724045 0 0
"1997" 0.2393 0.29041 0.0276335219462571 0.0399359500006508 0 0
"1998" 0.23906 0.28463 0.0304686205979681 0.0451988801153098 0 0
"1999" 0.24534 0.28687 0.0325198998223852 0.0495201375074047 0 0
"2000" 0.24313 0.28171 0.033226083039982 0.0515511992478343 0 0
"2001" 0.23919 0.27154 0.0332598744013552 0.0523674205854895 0 0
"2002" 0.23666 0.26849 0.0328024109131187 0.0519387860820058 0 0
"2003" 0.23241 0.25538 0.0316901087138924 0.0502631775292918 0 0
"2004" 0.21671 0.2382 0.0301501614357934 0.0474016549659167 0 0
"2005" 0.21654 0.23229 0.028130236901702 0.0433686335710351 0 0
