"mallcauses" "fallcauses" "mbmi" "fbmi" "msmoking" "fsmoking"
"1924" NA NA 0.0876650841284765 0.126182649957526 0.365320927383802 0.197018419504866
"1925" NA NA 0.0876880367940745 0.126377179137071 0.363859231826126 0.193143505871360
"1926" NA NA 0.0878670997894808 0.126650400359157 0.362460263081760 0.189494574211103
"1927" NA NA 0.0881900093147145 0.12699628396645 0.361125733342040 0.186072627860378
"1928" NA NA 0.088644501569795 0.127408800301620 0.359857354798305 0.182878670155469
"1929" NA NA 0.0892183127547413 0.127881919707334 0.358656839641888 0.179913704432657
"1930" NA NA 0.0898991790695728 0.128409612526262 0.357525900064127 0.177178734028225
"1931" NA NA 0.0906748367143084 0.128985849101072 0.356466248256357 0.174674762278456
"1932" NA NA 0.0915330218889675 0.129604599774433 0.355479596409914 0.172402792519633
"1933" 0.01695 0.02224 0.0924614707935692 0.130259834889012 0.354567656716136 0.170363828088039
"1934" 0.0168 0.02255 0.0934479196281326 0.130945524787479 0.353732141366357 0.168558872319955
"1935" 0.01663 0.0226 0.0944801045926772 0.131655639812502 0.352974762551914 0.166988928551665
"1936" 0.01696 0.0238 0.0955457618872218 0.132384150306749 0.352297232464143 0.165655000119452
"1937" 0.01649 0.02355 0.0966326277117858 0.133125026612889 0.35170126329438 0.164558090359598
"1938" 0.01587 0.02202 0.0977284382663884 0.133872239073591 0.351188567233961 0.163699202608386
"1939" 0.01604 0.0226 0.0988209297510486 0.134619758031523 0.350760856474223 0.163079340202099
"1940" 0.01572 0.02331 0.0998978383657858 0.135361553829354 0.350419843206501 0.162699506477019
"1941" 0.01518 0.02297 0.100946900310619 0.136091596809751 0.350167239622131 0.162560704769429
"1942" 0.0147 0.02284 0.101955851785568 0.136803857315384 0.350004757912451 0.162663938415612
"1943" 0.01525 0.02338 0.102912428990651 0.137492305688921 0.349934110268795 0.163010210751850
"1944" 0.0145 0.02277 0.103804368125887 0.138150912273031 0.3499570088825 0.163600525114427
"1945" 0.01418 0.02278 0.104619405391297 0.138773647410382 0.350075165944902 0.164435884839625
"1946" 0.01354 0.02179 0.105345276986899 0.139354481443642 0.350290293647337 0.165517293263726
"1947" 0.01338 0.02238 0.105969719112711 0.139887384715481 0.350604104181142 0.166845753723013
"1948" 0.01299 0.02197 0.106480467968755 0.140366327568566 0.351018309737651 0.168422269553770
"1949" 0.01253 0.02151 0.106865259755047 0.140785280345566 0.351534622508203 0.170247844092278
"1950" 0.01203 0.02105 0.107111830671609 0.141138213389150 0.352154754684132 0.172323480674821
"1951" 0.01175 0.02103 0.107207916918458 0.141419097041986 0.352880418456774 0.174650182637681
"1952" 0.01147 0.02094 0.107141254695615 0.141621901646742 0.353713326017466 0.177228953317140
"1953" 0.0112 0.02054 0.106899580203098 0.141740597546088 0.354655189557545 0.180060796049483
"1954" 0.01038 0.01928 0.106470629640926 0.141769155082691 0.355707721268345 0.183146714170990
"1955" 0.01044 0.01951 0.105842139209119 0.141701544599221 0.356872633341203 0.186487711017946
"1956" 0.01063 0.0199 0.105001845107696 0.141531736438345 0.358288687704323 0.190303718454722
"1957" 0.01054 0.0199 0.103937483536677 0.141253700942732 0.360047429501235 0.194752353011550
"1958" 0.01012 0.01929 0.102636790696079 0.140861408455052 0.362079745746262 0.199741145023501
"1959" 0.01099 0.02034 0.101087502785923 0.140348829317971 0.36431652345373 0.205177624825646
"1960" 0.00948 0.01895 0.099277356006227 0.139709933874159 0.366688649637964 0.210969322753057
"1961" 0.00958 0.01925 0.0971940865570112 0.138938692466284 0.36912701131329 0.217023769140806
"1962" 0.00983 0.01977 0.0951168164427348 0.138171678492007 0.371562495494031 0.223248494323962
"1963" 0.00999 0.02014 0.0933303929217819 0.137548264411923 0.373925989194513 0.229551028637599
"1964" 0.00972 0.01947 0.0918311400750583 0.137066619163108 0.376148379429061 0.235838902416786
"1965" 0.00948 0.01958 0.09061538198347 0.136724911682634 0.378160553212000 0.242019645996595
"1966" 0.00968 0.02026 0.089679442727923 0.136521310907575 0.379893397557654 0.248000789712098
"1967" 0.00932 0.01966 0.089019646389323 0.136453985775006 0.381604356513639 0.254417909161598
"1968" 0.01011 0.02062 0.088632317048576 0.136521105221999 0.38349563739447 0.261754685324050
"1969" 0.00979 0.02009 0.088513778786588 0.136720838185628 0.385415272114824 0.269690806605509
"1970" 0.00964 0.01973 0.0886603556842649 0.137051353602967 0.387211292589377 0.277905961412025
"1971" 0.00951 0.01937 0.0890683718225125 0.137510820411090 0.388731730732807 0.286079838149653
"1972" 0.00949 0.01941 0.0897341512822367 0.138097407547070 0.389824618459788 0.293892125224444
"1973" 0.00933 0.01904 0.0906540181443435 0.138809283947981 0.390337987684998 0.301022511042451
"1974" 0.00896 0.0186 0.0918242964897388 0.139644618550897 0.390119870323114 0.307150684009727
"1975" 0.00887 0.01784 0.0932413103993285 0.140601580292891 0.389007396037599 0.311189870517502
"1976" 0.00878 0.01723 0.0949013839540185 0.141678338111037 0.387009063462994 0.312719177269896
"1977" 0.00821 0.01602 0.0968008412347147 0.142873060942409 0.384229957970593 0.312417113142299
"1978" 0.00836 0.01614 0.098936006322323 0.144183917724080 0.380775164931688 0.310962187010099
"1979" 0.00793 0.01581 0.101681607514537 0.145786320745700 0.376749769717573 0.309032907748686
"1980" 0.00818 0.01621 0.10533631823113 0.147836515413152 0.372251465156681 0.306337901528574
"1981" 0.00801 0.01554 0.109782380236127 0.150303920337859 0.365575752873163 0.302911769166026
"1982" 0.00805 0.01542 0.115993216172291 0.153496887879943 0.356436883875602 0.298225426527005
"1983" 0.00817 0.01537 0.122702861291560 0.156752432269576 0.345382948398973 0.292506337024492
"1984" 0.00829 0.01515 0.130114715711128 0.160203732408461 0.332962036678249 0.285981964071469
"1985" 0.00813 0.01529 0.137315849426279 0.164061221768040 0.319722238948403 0.278879771080919
"1986" 0.00792 0.01469 0.143356240607393 0.167763493123523 0.30621164544441 0.271427221465825
"1987" 0.00792 0.01424 0.149371187622057 0.171964228678869 0.292978346401243 0.263851778639168
"1988" 0.00809 0.01435 0.156838025778164 0.178396465169160 0.280570432053877 0.256380906013930
"1989" 0.00782 0.01387 0.164418974973142 0.185168592431383 0.269535992637284 0.249242067003095
"1990" 0.00752 0.01376 0.171342762375537 0.191870607810443 0.260423118386440 0.242662725019644
"1991" 0.00777 0.01336 0.176394643972064 0.196247252767808 0.253566677545565 0.236759431055178
"1992" 0.00747 0.01291 0.181985929318491 0.200821816715005 0.248073515132527 0.231352570088562
"1993" 0.00742 0.01306 0.188418983799558 0.204070531008967 0.244985721322584 0.226239399208134
"1994" 0.00738 0.01239 0.19691577140774 0.209068294281834 0.245101313390536 0.221299290529539
"1995" 0.00723 0.01188 0.211602033621240 0.220044380155591 0.246760237381134 0.216438630987624
"1996" 0.007 0.01181 0.227763331296594 0.233448789390732 0.248302439339133 0.211563807517237
"1997" 0.00701 0.01132 0.248454056357315 0.254638267112531 0.248067865309285 0.206581207053225
"1998" 0.00669 0.01112 0.267494961784494 0.272618434412229 0.245038067125883 0.203055344978736
"1999" 0.00674 0.01104 0.285038012568915 0.289368457872685 0.240549177831957 0.200171773101985
"2000" 0.00655 0.01058 0.297629994428308 0.301424038108664 0.234977209106391 0.196685235057208
"2001" 0.00672 0.0108 0.307661017446103 0.311549439426354 0.229364609916588 0.192697469785397
"2002" 0.00644 0.01038 0.314731901630388 0.319565653590846 0.224642125328984 0.187764046887816
"2003" 0.00653 0.01031 0.319128397529471 0.325478454238155 0.220639667630839 0.181698470114746
"2004" 0.00591 0.00944 0.320661001876549 0.329135412662559 0.217206921928858 0.17465188085106
"2005" 0.00632 0.01027 0.319460913363455 0.330705828070595 0.214409644517330 0.166559419277395
