"mallcauses" "fallcauses" "mbmi" "fbmi" "msmoking" "fsmoking"
"1924" NA NA 0.0847719625491747 0.122230688933787 0.323500369132998 0.155061941756776
"1925" NA NA 0.0848663436169027 0.122328782460933 0.32167662275919 0.15083023424189
"1926" NA NA 0.0850940304665966 0.122528099217096 0.319941510032344 0.146850512144355
"1927" NA NA 0.0854443784911138 0.122821138162284 0.318296738362768 0.143123317410705
"1928" NA NA 0.0859067430833123 0.123200398256503 0.316744015160770 0.139649191987474
"1929" NA NA 0.0864704796360496 0.123658378459760 0.315285047836657 0.136428677821195
"1930" NA NA 0.0871249435421836 0.124187577732061 0.31392154380074 0.133462316858402
"1931" NA NA 0.0878594901945719 0.124780495033413 0.312655210463325 0.130750651045629
"1932" NA NA 0.0886634749860722 0.125429629323823 0.311487755234721 0.128294222329409
"1933" 0.02247 0.02921 0.0895262533095423 0.126127479563297 0.310420885525236 0.126093572656277
"1934" 0.02246 0.02952 0.0904371805578398 0.126866544711843 0.309456308745179 0.124149243972766
"1935" 0.02135 0.02836 0.0913856121238225 0.127639323729466 0.308595732304858 0.122461778225411
"1936" 0.02184 0.02966 0.0923609034003481 0.128438315576174 0.307840863614581 0.121031717360744
"1937" 0.02099 0.02904 0.0933524097802743 0.129256019211974 0.307193410084656 0.119859603325299
"1938" 0.0199 0.02717 0.0943494866564588 0.130084933596871 0.306655079125391 0.118945978065611
"1939" 0.02009 0.02742 0.0953414894217594 0.130917557690872 0.306227578147096 0.118291383528214
"1940" 0.0197 0.02843 0.0963177734690337 0.131746390453985 0.305912614560077 0.117896361659640
"1941" 0.01887 0.02764 0.0972676941911394 0.132563930846215 0.305711895774644 0.117761454406424
"1942" 0.01851 0.0273 0.0981806069809343 0.133362677827570 0.305627129201105 0.117887203715099
"1943" 0.01895 0.02818 0.0990458672312761 0.134135130358057 0.305660022249768 0.1182741515322
"1944" 0.01816 0.02753 0.0998528303350225 0.134873787397681 0.30581228233094 0.118922839804260
"1945" 0.01757 0.02751 0.100590851685031 0.135571147906450 0.306085616854931 0.119833810477813
"1946" 0.01709 0.02685 0.10124928667416 0.136219710844370 0.306481733232049 0.121007605499392
"1947" 0.01704 0.02764 0.101817490695266 0.136811975171448 0.307002338872602 0.122444766815532
"1948" 0.01654 0.02717 0.102284819141208 0.137340439847690 0.307649141186898 0.124145836372766
"1949" 0.01609 0.02696 0.102640627404843 0.137797603833104 0.308423847585245 0.126111356117629
"1950" 0.01586 0.02662 0.102874270879029 0.138175966087696 0.309328165477952 0.128341867996653
"1951" 0.01555 0.02632 0.102975104956624 0.138468025571472 0.310363802275327 0.130837913956372
"1952" 0.01505 0.02649 0.102932485030485 0.138666281244440 0.311532465387678 0.133600035943321
"1953" 0.01444 0.02628 0.102735766493470 0.138763232066605 0.312835862225314 0.136628775904034
"1954" 0.01362 0.02474 0.102374304738436 0.138751376997975 0.314275700198543 0.139924675785043
"1955" 0.01338 0.02482 0.101837455158242 0.138623214998557 0.315853686717673 0.143488277532883
"1956" 0.01345 0.02547 0.101114573145746 0.138371245028356 0.317730506676432 0.147527887614012
"1957" 0.01374 0.02627 0.100195014093804 0.137987966047381 0.3200141813549 0.152195795946761
"1958" 0.01348 0.02563 0.0990681333952743 0.137465877015636 0.322627422742906 0.157408519655474
"1959" 0.01224 0.02428 0.0977232864430152 0.136797476893129 0.32549294283028 0.163082575864496
"1960" 0.01217 0.02462 0.0961498286298842 0.135975264639868 0.328533453606855 0.169134481698171
"1961" 0.01357 0.02653 0.0943371153487389 0.134991739215857 0.33167166706246 0.175480754280842
"1962" 0.01388 0.02689 0.0925260028368543 0.134019650665338 0.334830295186927 0.182037910736853
"1963" 0.01235 0.02485 0.0909620741872729 0.133235775229185 0.337932049970086 0.18872246819055
"1964" 0.01248 0.02543 0.0896417750765032 0.132638651162356 0.340899643401768 0.195450943766276
"1965" 0.01241 0.026 0.0885615511810541 0.13222681671981 0.343655787471804 0.202139854588374
"1966" 0.01221 0.02605 0.0877178481774343 0.131998810156505 0.346123194170024 0.20870571778119
"1967" 0.012 0.02543 0.0871071117421525 0.131953169727398 0.348613740617067 0.215884574123742
"1968" 0.01233 0.02563 0.0867257875517174 0.13208843368745 0.351373920626189 0.224221927225059
"1969" 0.01185 0.02567 0.0865703212826377 0.132403140291617 0.354228371226149 0.233348488454504
"1970" 0.01167 0.0244 0.0866371586114223 0.132895827794858 0.357001729445705 0.242894969181439
"1971" 0.01176 0.02433 0.0869227452145797 0.133565034452132 0.359518632313615 0.252492080775224
"1972" 0.01185 0.02495 0.0874235267686188 0.134409298518397 0.361603716858636 0.261770534605222
"1973" 0.01157 0.024 0.0881359489500483 0.135427158248610 0.363081620109526 0.270361042040793
"1974" 0.01149 0.02336 0.0890564574353768 0.136617151897731 0.363776979095045 0.277894314451300
"1975" 0.01083 0.0221 0.0901814979011132 0.137977817720718 0.363288849576566 0.283419784593378
"1976" 0.01103 0.02206 0.091507516023766 0.139507693972528 0.361515951476494 0.286582418485604
"1977" 0.01058 0.0213 0.0930309574798442 0.141205318908121 0.358732418065128 0.287906227390255
"1978" 0.01059 0.02098 0.0947482679458563 0.143069230782455 0.355212382612767 0.287915222569605
"1979" 0.01019 0.0203 0.0970299130568437 0.145230385255564 0.351229978389711 0.287133415285930
"1980" 0.01018 0.01964 0.100176233739595 0.147794596488777 0.346930652022515 0.284817388516346
"1981" 0.01055 0.01971 0.104078488608239 0.150722690488990 0.340689502642662 0.281987144295260
"1982" 0.00994 0.01909 0.109458672976712 0.154646128994834 0.332339393410897 0.277458441237462
"1983" 0.01015 0.01886 0.1154901092429 0.158187993653910 0.322332782138126 0.271567013984184
"1984" 0.00996 0.01877 0.122303605026251 0.161610763495925 0.311122126635255 0.264648597176659
"1985" 0.01014 0.01884 0.129060410852954 0.165300929009432 0.299159884713191 0.25703892545612
"1986" 0.01046 0.01856 0.134888687440062 0.168604042554044 0.286898514182839 0.2490737334638
"1987" 0.01015 0.01857 0.140765369212170 0.172292258161825 0.274790472855105 0.241088755840931
"1988" 0.0101 0.01818 0.147992703204681 0.178242630636643 0.263288218540896 0.233419727228747
"1989" 0.00984 0.01762 0.155433657185018 0.184537023130937 0.252844209051118 0.226402382268481
"1990" 0.00958 0.01688 0.162670724117079 0.190654931183114 0.243910902196676 0.220372455601365
"1991" 0.00987 0.01693 0.168175010634701 0.195077070717688 0.236662430533149 0.215496909300260
"1992" 0.00935 0.01625 0.174111283484473 0.199764585506655 0.230530973955288 0.211188809019901
"1993" 0.00969 0.01668 0.180139883153863 0.203075633231970 0.226308296179929 0.207245599234823
"1994" 0.00987 0.01629 0.188110073722653 0.207978369403290 0.224476764104519 0.203764548636486
"1995" 0.00953 0.016 0.201970420876917 0.218188644882908 0.223911811319632 0.20040028356433
"1996" 0.00941 0.01559 0.217889949632239 0.230539521617811 0.223488871415842 0.196807430357795
"1997" 0.00922 0.01504 0.237460225101879 0.249577832177511 0.222083377983722 0.192640615356322
"1998" 0.00891 0.01475 0.257350233915631 0.267554085521446 0.219555090628358 0.189156741180296
"1999" 0.00896 0.01426 0.275984287078039 0.284533372666000 0.21616867382565 0.185974026816780
"2000" 0.00892 0.01365 0.289444201125097 0.296933112148982 0.211656511645972 0.182182214804429
"2001" 0.00856 0.0135 0.300452719443395 0.307522845621279 0.206604667352637 0.177907550306719
"2002" 0.00843 0.01341 0.308529326842602 0.316037859786181 0.201299973159517 0.17281208791766
"2003" 0.00829 0.01328 0.314003659621146 0.322551437583983 0.195570727538288 0.166760887746901
"2004" 0.00836 0.01318 0.316529514078578 0.326793706017922 0.189403404422047 0.159860457062684
"2005" 0.00797 0.01258 0.316307111336937 0.328971714897750 0.182800822682648 0.152055022511963
