"mallcauses" "fallcauses" "mbmi" "fbmi" "msmoking" "fsmoking"
"1924" NA NA 0.0320025450891364 0.0473027816564104 0.572821469345564 0.404901044157784
"1925" NA NA 0.0317328045475586 0.0475121602647725 0.576963639560075 0.406227634349387
"1926" NA NA 0.0315600439593905 0.0477287516314157 0.580800680541948 0.407438238409824
"1927" NA NA 0.0314776998516647 0.0479516871820672 0.584335377270033 0.408533809672545
"1928" NA NA 0.0314792087514138 0.0481800983424541 0.587570514723183 0.409515301471003
"1929" NA NA 0.0315580071856704 0.0484131165383037 0.59050887788025 0.410383667138649
"1930" NA NA 0.0317075316814671 0.0486498731953431 0.593153251720084 0.411139860008935
"1931" NA NA 0.0319212187658365 0.0488894997392994 0.595506421221539 0.411784833415313
"1932" NA NA 0.0321925049658110 0.0491311275958998 0.597571171363465 0.412319540691234
"1933" 0.00329 0.00361 0.0325148268084234 0.0493738881908715 0.599350287124715 0.41274493517015
"1934" 0.00324 0.0037 0.0328816208207062 0.0496169129499417 0.60084655348414 0.413061970185513
"1935" 0.00314 0.00362 0.0332863235296919 0.0498593332988375 0.602062755420591 0.413271599070775
"1936" 0.00317 0.00371 0.0337223714624131 0.050100280663286 0.603001677912921 0.413374775159387
"1937" 0.00294 0.00351 0.0341832011459025 0.0503388864690145 0.603666105939981 0.413372451784801
"1938" 0.00256 0.00299 0.0346622491071926 0.0505742821417501 0.604058824480623 0.413265582280468
"1939" 0.00231 0.00285 0.0351529518733159 0.0508055991072199 0.604182618513699 0.413055119979842
"1940" 0.00219 0.00284 0.0356487459713051 0.0510319687911511 0.60404027301806 0.412742018216372
"1941" 0.00208 0.00289 0.0361430679281927 0.0512525226192709 0.603634572972558 0.412327230323511
"1942" 0.00196 0.00297 0.0366293542710113 0.0514663920173065 0.602968303356045 0.411811709634711
"1943" 0.00189 0.00356 0.0371010415267935 0.051672708410985 0.602044249147373 0.411196409483423
"1944" 0.0018 0.00368 0.0375515662225719 0.0518706032260336 0.600865195325392 0.4104822832031
"1945" 0.00167 0.00308 0.037974364885379 0.0520592078881794 0.599433926868956 0.409670284127192
"1946" 0.00159 0.00272 0.0383628740422474 0.0522376538231496 0.597753228756915 0.408761365589151
"1947" 0.00142 0.0023 0.0387105302202097 0.0524050724566713 0.595825885968122 0.40775648092243
"1948" 0.00125 0.0022 0.0390107699462985 0.0525605952144718 0.593654683481427 0.40665658346048
"1949" 0.00112 0.00202 0.0392570297475464 0.0527033535222782 0.591242406275684 0.405462626536752
"1950" 0.00104 0.00201 0.0394427461509858 0.0528324788058176 0.588591839329743 0.404175563484699
"1951" 0.00099 0.00206 0.0395613556836496 0.0529471024908172 0.585705767622456 0.402796347637771
"1952" 0.00093 0.0021 0.03960629487257 0.0530463560030042 0.582586976132676 0.401325932329422
"1953" 0.00082 0.0021 0.0395710002447799 0.0531293707681058 0.579238249839252 0.399765270893102
"1954" 0.00077 0.00193 0.0394489083273117 0.053195278211849 0.575662373721039 0.398115316662264
"1955" 0.00079 0.00201 0.039233455647198 0.0532432097599612 0.571862132756886 0.396377022970358
"1956" 0.00077 0.00206 0.0389180787314714 0.0532722968381693 0.567781910933288 0.394495489009481
"1957" 0.00078 0.00195 0.0384962141071645 0.0532816708722006 0.563359641520141 0.392422563465621
"1958" 0.00072 0.00185 0.0379612983013098 0.0532704632877823 0.558588433421396 0.390169323913069
"1959" 0.00069 0.00174 0.03730676784094 0.0532378055106416 0.553461395541007 0.387746847926117
"1960" 0.00069 0.00168 0.0365260592530876 0.0531828289665054 0.547971636782928 0.385166213079054
"1961" 7e-04 0.00179 0.0356126090647852 0.0531046650811012 0.54211226605111 0.382438496946172
"1962" 0.00069 0.00184 0.0347188628764038 0.0530174923630106 0.535876392249508 0.379574777101762
"1963" 0.00071 0.00184 0.0340015809314196 0.0529351703318691 0.529257124282074 0.376586131120115
"1964" 0.00071 0.00187 0.0334606717215229 0.0528563519299841 0.522247571052762 0.373483636575521
"1965" 0.00072 0.00183 0.0330960437384041 0.0527796900996632 0.514840841465524 0.370278371042271
"1966" 0.00075 0.00206 0.0329076054737535 0.0527038377832138 0.507030044424313 0.366981412094657
"1967" 0.00073 0.00207 0.0328952654192616 0.0526274479229434 0.49799259151472 0.363227715834780
"1968" 0.00073 0.00223 0.0330589320666186 0.0525491734611596 0.48715958775132 0.358754256835778
"1969" 0.00077 0.00218 0.033398513907515 0.0524676673401698 0.47490468218154 0.353725140378495
"1970" 8e-04 0.00224 0.0339139194336411 0.0523815825022815 0.46160152385281 0.348304471743774
"1971" 0.00072 0.00221 0.0346050571366872 0.0522895718898022 0.447623761812558 0.342656356212461
"1972" 0.00072 0.00218 0.0354718355083438 0.0521902884450393 0.433345045108213 0.336944899065399
"1973" 0.00069 0.00224 0.0365141630403011 0.0520823851103005 0.419139022787203 0.331334205583432
"1974" 0.00068 0.00214 0.0377319482242495 0.0519645148278931 0.405379343896958 0.325988381047404
"1975" 0.00068 0.00215 0.0391250995518795 0.0518353305401247 0.393182792642664 0.321723278253383
"1976" 0.00065 0.00193 0.0406935255148813 0.0516934851893028 0.383032253503498 0.318882565217851
"1977" 0.00063 0.00195 0.0424371346049453 0.0515376317177347 0.374350525937877 0.316922070052277
"1978" 0.00067 0.00203 0.0443558353137619 0.0513664230677281 0.366560409404216 0.315297620868129
"1979" 0.00064 0.00202 0.0464020233402716 0.0512993252523925 0.359084703360932 0.313465045776874
"1980" 0.00061 0.00205 0.0485725208375697 0.0514968787065912 0.352599323713815 0.312877854086394
"1981" 0.00062 0.00185 0.0509338759785782 0.0520193480052625 0.344732692072202 0.309443314344964
"1982" 0.00055 0.00179 0.0536745671521773 0.0521169378627481 0.336386265076968 0.305110175297001
"1983" 0.00057 0.00168 0.0558692138659138 0.0529400992518811 0.327816246192293 0.30004966514428
"1984" 0.00056 0.00168 0.057693923960159 0.0542928795784898 0.319278838882358 0.294433012088580
"1985" 0.00053 0.00167 0.0600631471580858 0.0566749716047366 0.311030246611343 0.288431444331676
"1986" 0.00057 0.00172 0.0634499463701062 0.060402893989137 0.303326672843427 0.282216190075346
"1987" 0.00057 0.00168 0.0674521056113834 0.0649766893123559 0.296424321042793 0.275958477521367
"1988" 0.00058 0.00172 0.0721029241534412 0.0710648601071437 0.290579394673618 0.269829534871515
"1989" 0.00056 0.00168 0.0770119649558035 0.0774436356260142 0.286048097200085 0.264000590327567
"1990" 0.00055 0.00173 0.0816955558777932 0.0833949201052636 0.283086632086373 0.2586428720913
"1991" 0.00051 0.00166 0.0848821792805254 0.0865945749082 0.282576363456943 0.254379856521575
"1992" 0.00051 0.00159 0.0891906240049787 0.090385280145591 0.283292924108336 0.251189248341319
"1993" 0.00052 0.00164 0.095255988522807 0.0944275945181133 0.285692229139516 0.250095417096641
"1994" 0.00051 0.0016 0.104027202695367 0.101029608817512 0.290806076003650 0.251494705854872
"1995" 0.00051 0.00159 0.120795061708499 0.116592020607333 0.296595894704351 0.253647645645719
"1996" 0.00047 0.00145 0.139802139060313 0.134853048796395 0.301023115245231 0.25481476749889
"1997" 0.00048 0.00144 0.162204510770858 0.159146684799818 0.302049167629903 0.253256602444092
"1998" 0.00047 0.00135 0.180969741349254 0.178661088800109 0.299590329840993 0.249392451255724
"1999" 0.00047 0.00134 0.19759872566854 0.195478496817361 0.296085707328383 0.244811027500868
"2000" 0.00047 0.00134 0.208662999841273 0.205291589593837 0.292367120609927 0.23944760048424
"2001" 0.00049 0.00137 0.217482109902621 0.211576127251569 0.288832532828026 0.233472658572136
"2002" 0.00045 0.00141 0.224476501792285 0.214208379391060 0.285807644111152 0.227009584456619
"2003" 5e-04 0.00139 0.229195650388530 0.213155631577984 0.283368303838577 0.220014822570946
"2004" 0.00046 0.00135 0.231710604124895 0.208269692257999 0.281388716035718 0.212478094065859
"2005" 0.00049 0.00145 0.232080652310771 0.19971895547696 0.279869560148856 0.204410167109311
