"mallcauses" "fallcauses" "mbmi" "fbmi" "msmoking" "fsmoking"
"1924" NA NA 0.0155358544809372 0.0233702715034085 NA NA
"1925" NA NA 0.0150559802353874 0.0229061025745971 NA NA
"1926" NA NA 0.0147318406287354 0.0226102160113869 NA NA
"1927" NA NA 0.0145525704380411 0.0224707268669159 NA NA
"1928" NA NA 0.0145073044403643 0.0224757501943221 NA NA
"1929" NA NA 0.0145851774127647 0.0226134010467436 NA NA
"1930" NA NA 0.0147753241323023 0.0228717944773184 NA NA
"1931" NA NA 0.0150668793760369 0.0232390455391844 NA NA
"1932" NA NA 0.0154489779210282 0.0237032692854796 NA NA
"1933" 0.19902 0.22302 0.0159107545443361 0.0242525807693422 NA NA
"1934" 0.19966 0.22483 0.0164413440230205 0.0248750950439100 NA NA
"1935" 0.20319 0.22766 0.0170298811341411 0.0255589271623212 NA NA
"1936" 0.2207 0.24475 0.0176655006547579 0.0262921921777136 NA NA
"1937" 0.21023 0.23233 0.0183373373619305 0.0270630051432254 NA NA
"1938" 0.1964 0.21937 0.0190345260327189 0.0278594811119945 NA NA
"1939" 0.20382 0.22818 0.0197462014441828 0.0286697351371589 NA NA
"1940" 0.21011 0.23239 0.0204614983733821 0.0294818822718566 NA NA
"1941" 0.19827 0.22731 0.0211695515973766 0.0302840375692257 NA NA
"1942" 0.1939 0.2188 0.0218594958932262 0.0310643160824042 NA NA
"1943" 0.2084 0.23972 0.0225204660379906 0.03181083286453 NA NA
"1944" 0.1951 0.22245 0.0231415968087298 0.0325117029687412 NA NA
"1945" 0.18972 0.22172 0.0237120229825034 0.0331550414481757 NA NA
"1946" 0.19165 0.2201 0.0242208793363714 0.0337289633559717 NA NA
"1947" 0.19591 0.2277 0.0246573006473936 0.0342215837452671 NA NA
"1948" 0.19037 0.22274 0.0250104216926298 0.0346210176691998 NA NA
"1949" 0.17928 0.20444 0.0252693772491397 0.034915380180908 NA NA
"1950" 0.17258 0.20141 0.0254233020939834 0.0350927863335296 NA NA
"1951" 0.17724 0.2153 0.0254613310042204 0.0351413511802027 NA NA
"1952" 0.17691 0.20569 0.0253725987569109 0.0350491897740651 NA NA
"1953" 0.16867 0.20235 0.0251462401291144 0.0348044171682551 NA NA
"1954" 0.16838 0.19457 0.0247713898978908 0.0343951484159105 NA NA
"1955" 0.17352 0.20592 0.0242371828403001 0.0338094985701693 0.039214342649293 0.0211332681005687
"1956" 0.17315 0.20658 0.0235327537334019 0.0330355826841697 0.0390528540904136 0.0209717795416893
"1957" 0.17721 0.21243 0.0226472373542562 0.0320615158110495 0.0388913655315342 0.0208102909828099
"1958" 0.17802 0.20681 0.0215697684799228 0.0308754130039468 0.0387298769726548 0.0206488024239305
"1959" 0.1767 0.20943 0.0202894818874614 0.0294653893159996 0.0385683884137754 0.0204873138650511
"1960" 0.17614 0.2052 0.0187955123539319 0.0278195598003459 0.038406899854896 0.0203258253061717
"1961" 0.17003 0.20621 0.0170769946563941 0.0259260395101238 0.0382454112960166 0.0201643367472922
"1962" 0.17758 0.2152 0.0154231474991863 0.0241020719138775 0.0380839227371372 0.0200028481884129
"1963" 0.17687 0.2165 0.0141297603043985 0.0226669726104139 0.0379224341782577 0.0198413596295334
"1964" 0.17132 0.20703 0.0131958239257184 0.0216119648482651 0.0377609456193784 0.0196798710706541
"1965" 0.17245 0.20913 0.0126203292168335 0.0209282718759632 0.0375994570604989 0.0195183825117746
"1966" 0.16914 0.20553 0.0124022670314314 0.02060711694204 0.0374379685016195 0.0193568939528952
"1967" 0.16768 0.20455 0.0125406282231998 0.0206397232950277 0.0372764799427401 0.0191954053940158
"1968" 0.1707 0.20511 0.0130344036458262 0.0210173141834581 0.0371149913838607 0.0190339168351364
"1969" 0.1675 0.20358 0.0138825841529984 0.0217311128558633 0.0369535028249813 0.0188724282762570
"1970" 0.15427 0.19415 0.0150841605984038 0.0227723425607754 0.0367920142661019 0.0187109397173776
"1971" 0.15506 0.19825 0.0166381238357301 0.0241322265467262 0.0366305257072225 0.0185494511584982
"1972" 0.15869 0.19708 0.0185434647186649 0.0258019880622479 0.0364690371483430 0.0183879625996187
"1973" 0.1594 0.19793 0.0207991741008958 0.0277728503558724 0.0363075485894637 0.0182264740407393
"1974" 0.15363 0.1915 0.0237351204336879 0.0300837782360805 0.0361460600305842 0.0180649854818599
"1975" 0.14278 0.18461 0.0274369321654683 0.0327948068139911 0.0359845714717049 0.0179034969229805
"1976" 0.14421 0.18746 0.0315372401456679 0.0359287647920935 0.0358230829128254 0.0177420083641011
"1977" 0.13814 0.17986 0.0356686752237176 0.0395084808728767 0.035661594353946 0.0175805198052217
"1978" 0.13748 0.18463 0.0394638682490481 0.0435567837588301 0.0355001057950666 0.0174190312463423
"1979" 0.13354 0.17637 0.0429807555179011 0.0479878214697744 0.0353386172361872 0.0172575426874629
"1980" 0.13671 0.17942 0.0465740981474968 0.0525389508493939 0.0351771286773078 0.0170960541285834
"1981" 0.1327 0.17999 0.0471979234373995 0.0566566219745585 0.0350156401184284 0.0169345655697041
"1982" 0.13043 0.17556 0.0468703926169169 0.0607501890370884 0.0348541515595490 0.0167730770108246
"1983" 0.13263 0.17832 0.0394339848961772 0.0620975941146521 0.0346926630006695 0.0166115884519452
"1984" 0.13145 0.17721 0.0314209220961877 0.0623984236299739 0.0345311744417902 0.0164500998930658
"1985" 0.13363 0.18151 0.0294641093793785 0.0648100340503015 0.0343696858829107 0.0162886113341864
"1986" 0.13188 0.17864 0.0274263428042972 0.0651404630935448 0.0342081973240314 0.0161271227753070
"1987" 0.13035 0.17519 0.0249171505754423 0.0635359701358607 0.0340467087651519 0.0159656342164276
"1988" 0.1344 0.18077 0.0265790944250725 0.0617222312588709 0.0338852202062725 0.0158041456575482
"1989" 0.13046 0.17699 0.0339222740908768 0.0661634145567346 0.0337237316473931 0.0156426570986688
"1990" 0.12757 0.17288 0.0391332030516594 0.0715119604533246 0.0335622430885137 0.0154811685397894
"1991" 0.1237 0.17014 0.0395167293887391 0.0735640612100563 0.0334007545296343 0.0153196799809099
"1992" 0.12139 0.1695 0.0356342864681311 0.0776891213031503 0.0332392659707549 0.0151581914220306
"1993" 0.12808 0.17739 0.0339390091654708 0.0803996510548243 0.0330777774118755 0.0149967028631511
"1994" 0.12519 0.17187 0.0360470510934659 0.0834691267282484 0.032916288852996 0.0148352143042717
"1995" 0.12707 0.17311 0.0431871423815361 0.0891996428507552 0.0327548002941166 0.0146737257453923
"1996" 0.12469 0.16894 0.0463380978440259 0.0890629691805504 0.0325933117352372 0.0145122371865129
"1997" 0.12525 0.16995 0.0778471400308022 0.112719900964567 0.0324318231763578 0.0143507486276335
"1998" 0.12418 0.16956 0.0879294323155685 0.124447902059526 0.0322703346174784 0.0141892600687541
"1999" 0.12799 0.16829 0.0965025666058342 0.134625091565167 0.032108846058599 0.0140277715098747
"2000" 0.12568 0.16443 0.101448820746884 0.140828618968906 0.0319473574997196 0.0138662829509953
"2001" 0.12393 0.15717 0.104620070448972 0.145142094040306 0.0317858689408402 0.0137047943921159
"2002" 0.12171 0.154 0.106089429494263 0.147639374091662 0.0316243803819607 0.0135433058332364
"2003" 0.11822 0.14386 0.105746246824351 0.148198547854484 0.0314628918230814 0.0133818172743571
"2004" 0.11044 0.13421 0.103734874610558 0.146908584991369 0.0313014032642019 0.0132203287154776
"2005" 0.1149 0.13811 0.100068652864581 0.14380131161677 0.0311399147053225 0.0130588401565982
